988 697 1124 697 1124 554
1124 406 1124 554 1124 697
977 554 988 697 828 554
1273 848 1124 697 1124 848
1124 848 1124 697 1273 848
1124 848 1124 697 1124 554
1273 848 1124 697 1124 554
977 406 1124 554 977 554
1273 406 1124 554 977 554
828 554 988 697 828 697
1124 697 988 697 828 697
988 848 988 697 828 697
1124 697 1124 554 1124 406
1124 697 1124 554 977 554
1124 554 1124 697 988 697
1273 406 1124 554 1124 406
1273 406 1124 406 1124 554
977 554 988 697 828 554
977 554 988 697 828 697
977 554 1124 554 1124 697
977 554 1124 554 1273 406
828 848 988 697 828 554
1273 697 1124 554 1273 406
828 848 988 697 828 697 977 554
977 554 988 697 988 848 1124 848
977 554 988 697 1124 697 1124 848
977 554 988 697 1124 697 1273 848
977 554 988 697 1124 697 1273 406
1273 406 1124 406 1124 554 1124 697
1124 406 1124 554 1124 697 1124 848
1124 406 1124 554 1124 697 1273 848
1273 406 1124 406 1124 554 988 697
1273 406 1124 554 1273 697 1124 848
1273 406 1124 554 1273 697 1273 848
1124 554 1124 697 988 697 828 697
988 848 1124 848 1124 697 1273 848
1124 697 1273 848 1273 697 1124 848
988 848 1124 848 1273 697 1273 848
1124 697 1124 848 1273 697 1273 848
988 697 1124 697 1124 554 1124 406
1124 554 1124 697 1124 848 988 848
988 848 1124 848 1273 697 1273 848 1124 697
1124 697 1273 848 1273 697 1124 848 988 848
828 697 988 697 1124 697 1124 554 977 554
1273 406 1124 406 1124 554 988 697 828 554
1273 406 1124 406 1124 554 988 697 1124 697
1273 406 1124 406 1124 554 988 697 988 848
1273 406 1124 406 1124 554 988 697 977 554
1124 406 1124 554 1124 697 988 697 828 697
1273 406 1124 406 1124 554 1124 697 1124 848
1273 406 1124 406 1124 554 1124 697 1273 848
977 554 1124 406 1124 554 1124 697 1124 848
977 554 1124 406 1124 554 1124 697 1273 848
977 554 1124 406 1124 554 1273 697 1124 848
977 554 1124 406 1124 554 1273 697 1273 848
